time,track,range,angle,rangerate,latrate,power
0.507999897003,7,2.5,6.1,0.01,0.0,13
0.507999897003,43,2.5,-10.4,0.01,0.0,9
0.557999849319,36,4.4,11.2,-0.01,0.0,1
0.557999849319,7,2.4,6.3,0.0,0.0,13
0.557999849319,43,2.4,-9.7,0.0,0.0,10
0.608000040054,7,2.5,6.1,0.0,0.0,13
0.608000040054,43,2.5,-10.4,0.0,0.0,9
0.657999992371,7,2.4,6.3,-0.01,0.0,13
0.657999992371,43,2.4,-9.7,-0.01,0.0,10
0.707999944687,7,2.5,6.1,-0.01,0.0,13
0.707999944687,43,2.5,-10.4,-0.01,0.0,10
0.757999897003,32,4.5,-5.4,-0.01,0.0,2
0.757999897003,36,4.5,11.0,-0.01,0.0,1
0.757999897003,7,2.4,6.3,-0.01,0.0,14
0.757999897003,43,2.4,-9.7,-0.01,0.0,11
0.807999849319,7,2.5,6.1,0.01,0.0,13
0.807999849319,43,2.5,-10.4,0.01,0.0,9
0.858000040054,32,4.5,-5.7,-0.01,0.0,2
0.858000040054,36,4.5,11.7,-0.01,0.0,2
0.858000040054,7,2.5,6.3,-0.01,0.0,14
0.858000040054,43,2.5,-9.7,-0.01,0.0,11
0.907999992371,7,2.5,6.1,-0.01,0.0,13
0.907999992371,43,2.5,-10.4,-0.01,0.0,10
0.957999944687,32,4.5,-5.9,-0.01,0.0,1
0.957999944687,36,4.5,11.4,-0.01,0.0,2
0.957999944687,7,2.5,6.2,-0.01,0.0,13
0.957999944687,43,2.5,-9.7,-0.01,0.0,10
1.00699996948,36,5.1,11.1,-0.02,0.0,1
1.00699996948,7,2.5,6.0,-0.01,0.0,13
1.00699996948,43,2.5,-10.4,-0.01,0.0,10
1.0569999218,32,4.4,-5.9,-0.01,0.0,1
1.0569999218,36,4.4,11.4,-0.01,0.0,2
1.0569999218,7,2.4,6.2,-0.01,0.0,13
1.0569999218,43,2.4,-9.7,-0.01,0.0,10
1.10699987411,7,2.5,6.1,-0.01,0.0,13
1.10699987411,43,2.5,-10.4,-0.01,0.0,9
1.15699982643,32,4.5,-5.5,0.0,0.0,1
1.15699982643,36,4.5,11.4,0.0,0.0,2
1.15699982643,7,2.5,6.3,-0.01,0.0,13
1.15699982643,43,2.5,-9.6,-0.01,0.0,10
1.20700001717,36,5.0,10.9,-0.02,0.0,1
1.20700001717,7,2.5,6.1,-0.01,0.0,14
1.20700001717,43,2.5,-10.4,-0.01,0.0,10
1.25699996948,32,4.5,-5.0,-0.01,0.0,1
1.25699996948,36,4.5,11.4,-0.01,0.0,2
1.25699996948,7,2.4,6.3,-0.01,0.0,14
1.25699996948,43,2.4,-9.6,-0.01,0.0,11
1.3069999218,36,5.1,11.1,-0.02,0.0,1
1.3069999218,7,2.5,6.0,-0.01,0.0,14
1.3069999218,43,2.5,-10.4,-0.01,0.0,10
1.35699987411,32,4.6,-4.9,-0.01,0.0,1
1.35699987411,36,4.6,11.1,-0.01,0.0,2
1.35699987411,7,2.4,6.3,-0.01,0.0,14
1.35699987411,43,2.4,-9.7,-0.01,0.0,11
1.40799999237,7,2.5,6.0,-0.01,0.0,13
1.40799999237,43,2.5,-10.4,-0.01,0.0,10
1.45799994469,7,2.4,6.3,0.0,0.0,13
1.45799994469,43,2.4,-9.6,0.0,0.0,10
1.507999897,7,2.5,6.1,0.0,0.0,14
1.507999897,43,2.5,-10.4,0.0,0.0,10
1.55799984932,7,2.4,6.3,0.0,0.0,13
1.55799984932,43,2.4,-9.6,0.0,0.0,10
1.60800004005,7,2.5,6.0,-0.01,0.0,13
1.60800004005,43,2.5,-10.4,-0.01,0.0,10
1.65799999237,7,2.4,6.3,0.0,0.0,13
1.65799999237,43,2.4,-9.6,0.0,0.0,10
1.70799994469,7,2.5,6.1,-0.01,0.0,13
1.70799994469,43,2.5,-10.4,-0.01,0.0,9
1.757999897,32,4.5,-5.4,-0.01,0.0,1
1.757999897,36,4.5,10.6,-0.01,0.0,1
1.757999897,7,2.4,6.3,-0.01,0.0,14
1.757999897,43,2.4,-9.6,-0.01,0.0,11
1.80799984932,7,2.5,6.1,-0.01,0.0,13
1.80799984932,43,2.5,-10.4,-0.01,0.0,9
1.85800004005,36,4.5,10.6,-0.01,0.0,1
1.85800004005,7,2.4,6.2,0.0,0.0,13
1.85800004005,43,2.4,-9.6,0.0,0.0,10
1.90799999237,36,5.1,10.8,-0.02,0.0,1
1.90799999237,7,2.5,6.0,-0.01,0.0,14
1.90799999237,43,2.5,-10.4,-0.01,0.0,10
1.95799994469,36,4.5,10.6,-0.01,0.0,1
1.95799994469,7,2.4,6.2,-0.01,0.0,13
1.95799994469,43,2.4,-9.7,-0.01,0.0,10
2.007999897,7,2.5,6.0,0.01,0.0,13
2.007999897,43,2.5,-10.4,0.01,0.0,9
2.05799984932,32,4.5,-5.5,0.0,0.0,1
2.05799984932,36,4.5,10.9,0.0,0.0,2
2.05799984932,7,2.4,6.2,-0.01,0.0,14
2.05799984932,43,2.4,-9.6,-0.01,0.0,11
2.10800004005,7,2.5,6.0,-0.01,0.0,13
2.10800004005,43,2.5,-10.4,-0.01,0.0,9
2.15799999237,32,4.5,-6.1,-0.01,0.0,1
2.15799999237,36,4.5,10.8,-0.01,0.0,1
2.15799999237,7,2.4,6.2,0.0,0.0,13
2.15799999237,43,2.4,-9.7,0.0,0.0,10
2.20799994469,7,2.5,6.0,-0.01,0.0,13
2.20799994469,43,2.5,-10.4,-0.01,0.0,9
2.257999897,32,4.5,-6.5,-0.01,0.0,2
2.257999897,7,2.4,6.3,0.0,0.0,13
2.257999897,43,2.4,-9.6,0.0,0.0,10
2.30799984932,36,5.2,10.6,-0.02,0.0,1
2.30799984932,7,2.5,6.0,0.0,0.0,14
2.30799984932,43,2.5,-10.4,0.0,0.0,10
2.35800004005,32,4.5,-6.4,-0.01,0.0,2
2.35800004005,7,2.4,6.2,0.0,0.0,13
2.35800004005,43,2.4,-9.7,0.0,0.0,10
2.40799999237,7,2.5,6.0,-0.01,0.0,13
2.40799999237,43,2.5,-10.4,-0.01,0.0,9
2.45799994469,32,4.9,-6.9,-0.02,0.0,2
2.45799994469,43,2.4,-9.7,-0.01,0.0,10
2.45799994469,7,2.4,6.2,-0.01,0.0,13
2.50699996948,36,5.1,10.5,-0.02,0.0,1
2.50699996948,7,2.5,6.0,-0.01,0.0,13
2.50699996948,43,2.5,-10.4,-0.01,0.0,10
2.55799984932,32,4.4,-7.0,-0.01,0.0,3
2.55799984932,36,4.4,10.9,-0.01,0.0,1
2.55799984932,7,2.4,6.3,0.0,0.0,13
2.55799984932,43,2.4,-9.6,0.0,0.0,10
2.60800004005,36,5.1,11.3,-0.02,0.0,1
2.60800004005,7,2.5,6.0,-0.01,0.0,14
2.60800004005,43,2.5,-10.4,-0.01,0.0,10
2.65699982643,32,4.5,-6.2,-0.01,0.0,2
2.65699982643,36,4.5,11.5,-0.01,0.0,2
2.65699982643,7,2.5,6.2,-0.01,0.0,13
2.65699982643,43,2.5,-9.6,-0.01,0.0,10
2.70700001717,36,5.1,11.5,-0.02,0.0,1
2.70700001717,7,2.5,6.0,0.0,0.0,13
2.70700001717,43,2.5,-10.4,0.0,0.0,9
2.75699996948,32,4.6,-6.1,0.0,0.0,3
2.75699996948,36,4.6,11.7,0.0,0.0,3
2.75699996948,7,2.5,6.3,0.0,0.0,14
2.75699996948,43,2.5,-9.6,0.0,0.0,11
2.80799984932,7,2.5,6.1,0.01,0.0,13
2.80799984932,43,2.5,-10.4,0.01,0.0,9
2.85800004005,32,4.5,-6.6,-0.01,0.0,2
2.85800004005,36,4.5,11.5,-0.01,0.0,2
2.85800004005,7,2.5,6.2,-0.01,0.0,13
2.85800004005,43,2.5,-9.6,-0.01,0.0,10
2.90799999237,36,5.0,11.3,-0.02,0.0,1
2.90799999237,7,2.5,6.1,0.01,0.0,13
2.90799999237,43,2.5,-10.4,0.01,0.0,9
2.95799994469,32,4.5,-6.7,0.0,0.0,3
2.95799994469,36,4.5,11.4,0.0,0.0,3
2.95799994469,7,2.5,6.3,-0.01,0.0,14
2.95799994469,43,2.5,-9.6,-0.01,0.0,11
3.007999897,7,2.5,6.0,-0.01,0.0,13
3.007999897,43,2.5,-10.4,-0.01,0.0,9
3.05799984932,32,4.5,-6.7,-0.01,0.0,2
3.05799984932,36,4.5,11.5,-0.01,0.0,1
3.05799984932,7,2.4,6.2,0.0,0.0,13
3.05799984932,43,2.4,-9.7,0.0,0.0,10
3.10800004005,7,2.5,6.0,-0.01,0.0,13
3.10800004005,43,2.5,-10.6,-0.01,0.0,9
3.15799999237,32,4.5,-6.5,-0.01,0.0,2
3.15799999237,36,4.5,11.7,-0.01,0.0,1
3.15799999237,7,2.4,6.2,0.0,0.0,13
3.15799999237,43,2.4,-9.7,0.0,0.0,10
3.20799994469,7,2.5,6.1,-0.01,0.0,13
3.20799994469,43,2.5,-10.4,-0.01,0.0,9
3.257999897,32,4.5,-6.3,0.0,0.0,2
3.257999897,36,4.5,11.1,0.0,0.0,1
3.257999897,7,2.4,6.3,0.0,0.0,14
3.257999897,43,2.4,-9.6,0.0,0.0,11
3.30799984932,7,2.5,6.0,-0.01,0.0,14
3.30799984932,43,2.5,-10.4,-0.01,0.0,10
3.35800004005,32,4.5,-6.2,-0.01,0.0,1
3.35800004005,36,4.5,11.1,-0.01,0.0,1
3.35800004005,7,2.4,6.2,0.0,0.0,13
3.35800004005,43,2.4,-9.7,0.0,0.0,10
3.40799999237,7,2.5,6.0,-0.01,0.0,13
3.40799999237,43,2.5,-10.4,-0.01,0.0,9
3.45799994469,32,4.5,-6.5,-0.01,0.0,2
3.45799994469,36,4.5,10.9,-0.01,0.0,2
3.45799994469,7,2.4,6.2,-0.01,0.0,14
3.45799994469,43,2.4,-9.7,-0.01,0.0,11
3.507999897,7,2.5,6.0,0.0,0.0,13
3.507999897,43,2.5,-10.4,0.0,0.0,9
3.55799984932,32,4.6,-6.3,-0.01,0.0,2
3.55799984932,36,4.6,11.6,-0.01,0.0,2
3.55799984932,7,2.4,6.2,0.0,0.0,13
3.55799984932,43,2.4,-9.7,0.0,0.0,10
3.60800004005,7,2.5,6.1,0.01,0.0,13
3.60800004005,43,2.5,-10.4,0.01,0.0,9
3.65799999237,32,4.5,-6.4,-0.01,0.0,2
3.65799999237,7,2.4,6.3,-0.01,0.0,13
3.65799999237,43,2.4,-9.6,-0.01,0.0,10
3.70799994469,43,2.5,-10.4,-0.01,0.0,9
3.70799994469,7,2.5,6.0,-0.01,0.0,13
3.757999897,32,5.1,-6.5,-0.06,0.0,2
3.757999897,43,2.4,-9.6,0.0,0.0,10
3.757999897,7,2.4,6.2,0.0,0.0,13
3.80799984932,7,2.5,6.0,0.0,0.0,13
3.80799984932,43,2.5,-10.4,0.0,0.0,9
3.85800004005,32,4.5,-6.1,-0.01,0.0,2
3.85800004005,36,4.5,10.9,-0.01,0.0,1
3.85800004005,7,2.4,6.2,-0.01,0.0,14
3.85800004005,43,2.4,-9.6,-0.01,0.0,11
3.90799999237,7,2.5,6.0,-0.01,0.0,13
3.90799999237,43,2.5,-10.4,-0.01,0.0,9
3.95799994469,7,2.4,6.3,0.0,0.0,13
3.95799994469,43,2.4,-9.6,0.0,0.0,10
4.007999897,7,2.5,6.0,0.01,0.0,13
4.007999897,43,2.5,-10.4,0.01,0.0,9
4.05799984932,36,4.5,10.9,-0.01,0.0,1
4.05799984932,7,2.4,6.2,0.0,0.0,13
4.05799984932,43,2.4,-9.6,0.0,0.0,10
4.10800004005,7,2.5,6.0,-0.01,0.0,13
4.10800004005,43,2.5,-10.4,-0.01,0.0,9
4.15799999237,7,2.4,6.3,0.0,0.0,13
4.15799999237,43,2.4,-9.6,0.0,0.0,10
4.20700001717,7,2.5,6.0,0.0,0.0,14
4.20700001717,43,2.5,-10.4,0.0,0.0,10
4.257999897,7,2.4,6.2,-0.01,0.0,13
4.257999897,43,2.4,-9.6,-0.01,0.0,10
4.30799984932,7,2.5,6.0,0.01,0.0,13
4.30799984932,43,2.5,-10.4,0.01,0.0,9
4.35800004005,32,4.5,-6.1,-0.01,0.0,2
4.35800004005,7,2.5,6.2,-0.01,0.0,14
4.35800004005,43,2.5,-9.7,-0.01,0.0,11
4.40799999237,7,2.5,5.9,-0.01,0.0,13
4.40799999237,43,2.5,-10.4,-0.01,0.0,10
4.45799994469,32,4.5,-6.2,-0.01,0.0,1
4.45799994469,7,2.4,6.2,0.0,0.0,13
4.45799994469,43,2.4,-9.7,0.0,0.0,10
4.507999897,7,2.5,6.0,-0.01,0.0,13
4.507999897,43,2.5,-10.4,-0.01,0.0,9
4.55799984932,32,4.5,-5.9,-0.01,0.0,2
4.55799984932,7,2.4,6.2,0.0,0.0,13
4.55799984932,43,2.4,-9.6,0.0,0.0,10
4.60800004005,7,2.5,6.0,0.01,0.0,13
4.60800004005,43,2.5,-10.4,0.01,0.0,10
4.65799999237,7,2.4,6.2,-0.01,0.0,13
4.65799999237,43,2.4,-9.6,-0.01,0.0,10
4.70799994469,7,2.5,6.0,-0.01,0.0,13
4.70799994469,43,2.5,-10.4,-0.01,0.0,9
4.757999897,32,4.4,-6.7,0.0,0.0,1
4.757999897,7,2.4,6.2,0.0,0.0,13
4.757999897,43,2.4,-9.6,0.0,0.0,10
4.80799984932,43,2.5,-10.4,-0.01,0.0,9
4.80799984932,7,2.5,6.0,-0.01,0.0,13
4.85800004005,36,4.9,11.0,-0.02,0.0,2
4.85800004005,7,2.4,6.2,-0.01,0.0,13
4.85800004005,43,2.4,-9.6,-0.01,0.0,10
4.90799999237,7,2.5,6.0,0.0,0.0,14
4.90799999237,43,2.5,-10.4,0.0,0.0,10
4.95799994469,32,4.4,-6.3,0.0,0.0,4
4.95799994469,36,4.4,10.9,0.0,0.0,1
4.95799994469,7,2.4,6.2,0.0,0.0,14
4.95799994469,43,2.4,-9.6,0.0,0.0,11
5.007999897,43,2.5,-10.4,-0.01,0.0,9
5.007999897,7,2.5,6.0,-0.01,0.0,13
5.05799984932,7,2.4,6.2,0.0,0.0,13
5.05799984932,43,2.4,-9.6,0.0,0.0,10
5.10800004005,7,2.5,6.0,0.0,0.0,14
5.10800004005,43,2.5,-10.4,0.0,0.0,10
5.15799999237,32,4.3,-6.1,0.0,0.0,1
5.15799999237,7,2.4,6.2,-0.01,0.0,13
5.15799999237,43,2.4,-9.6,-0.01,0.0,10
5.20799994469,7,2.5,6.0,-0.01,0.0,13
5.20799994469,43,2.5,-10.4,-0.01,0.0,9
5.257999897,32,4.6,-6.1,0.0,0.0,1
5.257999897,36,4.6,11.6,0.0,0.0,2
5.257999897,7,2.4,6.2,0.0,0.0,13
5.257999897,43,2.4,-9.6,0.0,0.0,10
5.30799984932,7,2.5,6.0,-0.01,0.0,13
5.30799984932,43,2.5,-10.4,-0.01,0.0,9
5.35800004005,32,4.5,-6.7,0.0,0.0,2
5.35800004005,36,4.5,11.2,0.0,0.0,1
5.35800004005,7,2.4,6.2,0.0,0.0,13
5.35800004005,43,2.4,-9.6,0.0,0.0,10
5.40799999237,43,2.5,-10.4,-0.01,0.0,9
5.40799999237,7,2.5,6.0,-0.01,0.0,13
5.45799994469,32,4.5,-6.3,0.0,0.0,4
5.45799994469,7,2.5,6.2,-0.01,0.0,14
5.45799994469,43,2.5,-9.6,-0.01,0.0,11
5.507999897,43,2.5,-10.4,0.0,0.0,9
5.507999897,7,2.5,6.0,0.0,0.0,13
5.55799984932,32,4.5,-5.9,0.0,0.0,3
5.55799984932,36,4.5,11.5,0.0,0.0,1
5.55799984932,7,2.4,6.2,0.0,0.0,13
5.55799984932,43,2.4,-9.6,0.0,0.0,10
5.60800004005,36,5.0,11.5,-0.02,0.0,1
5.60800004005,7,2.5,6.0,0.0,0.0,14
5.60800004005,43,2.5,-10.4,0.0,0.0,10
5.65799999237,32,4.4,-5.9,-0.01,0.0,2
5.65799999237,36,4.4,11.6,-0.01,0.0,2
5.65799999237,7,2.4,6.2,-0.01,0.0,13
5.65799999237,43,2.4,-9.6,-0.01,0.0,10
5.70899987221,7,2.5,6.0,-0.01,0.0,13
5.70899987221,43,2.5,-10.4,-0.01,0.0,9
5.75899982452,32,4.5,-5.7,-0.01,0.0,1
5.75899982452,36,4.5,11.4,-0.01,0.0,1
5.75899982452,7,2.4,6.2,-0.01,0.0,13
5.75899982452,43,2.4,-9.6,-0.01,0.0,10
5.80799984932,7,2.5,6.0,-0.01,0.0,13
5.80799984932,43,2.5,-10.4,-0.01,0.0,9
5.85899996758,32,4.4,-5.9,-0.01,0.0,2
5.85899996758,36,4.4,11.4,-0.01,0.0,1
5.85899996758,7,2.4,6.2,-0.01,0.0,14
5.85899996758,43,2.4,-9.6,-0.01,0.0,11
5.90799999237,7,2.5,6.1,-0.01,0.0,13
5.90799999237,43,2.5,-10.4,-0.01,0.0,9
5.95799994469,32,4.5,-6.1,-0.01,0.0,2
5.95799994469,7,2.4,6.3,0.0,0.0,13
5.95799994469,43,2.4,-9.6,0.0,0.0,10
6.007999897,7,2.5,6.0,-0.01,0.0,13
6.007999897,43,2.5,-10.4,-0.01,0.0,10
6.05799984932,36,4.3,11.3,0.0,0.0,1
6.05799984932,7,2.4,6.3,-0.01,0.0,13
6.05799984932,43,2.4,-9.6,-0.01,0.0,10
6.10800004005,43,2.5,-10.4,0.0,0.0,9
6.10800004005,7,2.5,6.0,0.0,0.0,13
6.15799999237,32,4.4,-6.9,-0.01,0.0,3
6.15799999237,7,2.4,6.2,0.0,0.0,13
6.15799999237,43,2.4,-9.6,0.0,0.0,10
6.20799994469,7,2.5,6.0,-0.01,0.0,13
6.20799994469,43,2.5,-10.3,-0.01,0.0,9
6.25899982452,32,4.5,-5.9,0.0,0.0,2
6.25899982452,7,2.4,6.2,0.0,0.0,13
6.25899982452,43,2.4,-9.6,0.0,0.0,10
6.30900001526,7,2.5,6.0,-0.01,0.0,13
6.30900001526,43,2.5,-10.4,-0.01,0.0,9
6.35899996758,32,4.5,-6.3,-0.01,0.0,2
6.35899996758,7,2.4,6.2,0.0,0.0,13
6.35899996758,43,2.4,-9.6,0.0,0.0,10
6.40899991989,7,2.5,6.0,-0.01,0.0,13
6.40899991989,43,2.5,-10.4,-0.01,0.0,9
6.45799994469,32,4.4,-6.1,0.0,0.0,2
6.45799994469,36,4.4,11.3,0.0,0.0,1
6.45799994469,7,2.4,6.2,-0.01,0.0,14
6.45799994469,43,2.4,-9.5,-0.01,0.0,11
6.50899982452,7,2.5,6.1,0.01,0.0,13
6.50899982452,43,2.5,-10.4,0.01,0.0,9
6.55900001526,32,4.4,-6.4,-0.01,0.0,2
6.55900001526,7,2.4,6.2,-0.01,0.0,13
6.55900001526,43,2.4,-9.6,-0.01,0.0,10
6.60800004005,43,2.5,-10.4,-0.01,0.0,10
6.60800004005,7,2.5,6.0,-0.01,0.0,14
6.65799999237,32,4.4,-6.5,0.0,0.0,2
6.65799999237,7,2.4,6.2,0.0,0.0,13
6.65799999237,43,2.4,-9.6,0.0,0.0,10
6.70799994469,7,2.5,6.1,0.0,0.0,13
6.70799994469,43,2.5,-10.4,0.0,-0.25,10
6.757999897,32,4.5,-6.7,-0.01,0.0,1
6.757999897,7,2.4,6.3,-0.01,0.0,13
6.757999897,43,2.4,-9.6,-0.01,0.0,10
6.80799984932,36,5.0,10.8,-0.02,0.0,1
6.80799984932,7,2.5,6.0,0.01,0.0,14
6.80799984932,43,2.5,-10.4,0.01,-0.25,10
6.85800004005,32,4.4,-6.5,0.0,0.0,1
6.85800004005,36,4.4,11.1,0.0,0.0,1
6.85800004005,7,2.4,6.2,0.0,0.0,13
6.85800004005,43,2.4,-9.6,0.0,-0.25,10
6.90799999237,7,2.5,6.0,0.01,0.0,13
6.90799999237,43,2.5,-10.4,0.01,-0.25,9
6.95799994469,36,4.5,11.3,0.0,0.0,1
6.95799994469,7,2.4,6.2,0.0,0.0,13
6.95799994469,43,2.4,-9.5,0.0,-0.25,10
7.007999897,7,2.5,6.0,0.0,0.0,13
7.007999897,43,2.5,-10.4,0.0,-0.25,9
7.05799984932,36,4.5,11.3,-0.01,0.0,1
7.05799984932,7,2.4,6.2,0.0,0.0,13
7.05799984932,43,2.4,-9.6,0.0,-0.25,10
7.10800004005,36,5.3,10.8,-0.02,0.0,1
7.10800004005,7,2.5,6.0,-0.01,0.0,13
7.10800004005,43,2.5,-10.4,-0.01,-0.25,10
7.15799999237,36,5.1,11.1,-0.06,0.0,1
7.15799999237,7,2.4,6.2,0.0,0.0,13
7.15799999237,43,2.4,-9.6,0.0,-0.25,10
7.20799994469,43,2.5,-10.4,-0.01,-0.25,9
7.20799994469,7,2.5,6.1,-0.01,0.0,13
7.257999897,32,4.9,-6.7,-0.02,0.0,1
7.257999897,43,2.4,-9.6,0.0,-0.25,10
7.257999897,7,2.4,6.3,0.0,0.0,13
7.30799984932,7,2.5,6.0,-0.01,0.0,13
7.30799984932,43,2.5,-10.4,-0.01,-0.25,10
7.35800004005,32,4.4,-6.1,-0.01,0.0,1
7.35800004005,36,4.4,11.1,-0.01,0.0,1
7.35800004005,7,2.4,6.3,0.0,0.0,13
7.35800004005,43,2.4,-9.6,0.0,-0.25,10
7.40799999237,7,2.5,6.0,0.01,0.0,13
7.40799999237,43,2.5,-10.4,0.01,-0.25,9
7.45799994469,36,4.9,10.8,-0.02,0.0,1
7.45799994469,7,2.4,6.2,-0.01,0.0,13
7.45799994469,43,2.4,-9.6,-0.01,-0.25,10
7.507999897,7,2.5,6.1,0.01,0.0,13
7.507999897,43,2.5,-10.4,0.01,-0.25,9
7.55799984932,36,4.4,10.6,-0.01,0.0,1
7.55799984932,7,2.4,6.2,-0.01,0.0,14
7.55799984932,43,2.4,-9.6,-0.01,-0.25,11
7.60800004005,7,2.5,6.0,-0.01,0.0,13
7.60800004005,43,2.5,-10.4,-0.01,-0.25,9
7.65799999237,7,2.4,6.3,0.0,0.0,13
7.65799999237,43,2.4,-9.6,0.0,-0.25,10
7.70899987221,36,5.2,10.2,-0.02,0.0,1
7.70899987221,7,2.5,6.0,-0.01,0.0,13
7.70899987221,43,2.5,-10.4,-0.01,-0.25,10
7.75899982452,36,4.4,10.6,0.0,0.0,1
7.75899982452,7,2.4,6.3,0.0,0.0,13
7.75899982452,43,2.4,-9.6,0.0,-0.25,10
7.80900001526,7,2.5,6.0,0.01,0.0,13
7.80900001526,43,2.5,-10.4,0.01,-0.25,9
7.85899996758,32,4.4,-6.2,0.0,0.0,1
7.85899996758,7,2.4,6.2,-0.01,0.0,14
7.85899996758,43,2.4,-9.6,-0.01,-0.25,11
7.90899991989,7,2.5,6.0,0.01,0.0,13
7.90899991989,43,2.5,-10.4,0.01,-0.25,9
7.95899987221,43,2.4,-9.6,-0.01,-0.25,10
7.95899987221,7,2.4,6.3,-0.01,0.0,13
8.00899982452,7,2.5,6.1,-0.01,0.0,13
8.00899982452,43,2.5,-10.4,-0.01,-0.25,9
8.05900001526,7,2.4,6.3,0.0,0.0,13
8.05900001526,43,2.4,-9.6,0.0,-0.25,10
8.10899996758,7,2.5,6.1,0.01,0.0,13
8.10899996758,43,2.5,-10.4,0.01,-0.25,9
8.15899991989,7,2.4,6.2,0.0,0.0,13
8.15899991989,43,2.4,-9.6,0.0,-0.25,10
8.20799994469,7,2.5,6.1,0.01,0.0,13
8.20799994469,43,2.5,-10.4,0.01,-0.25,9
8.25899982452,36,4.4,11.3,-0.01,0.0,1
8.25899982452,7,2.4,6.3,0.0,0.0,13
8.25899982452,43,2.4,-9.6,0.0,-0.25,10
8.30799984932,36,5.0,10.8,-0.02,0.0,1
8.30799984932,7,2.5,6.0,0.0,0.0,14
8.30799984932,43,2.5,-10.4,0.0,-0.25,10
8.35800004005,32,4.5,-5.9,-0.01,0.0,1
8.35800004005,36,4.5,11.0,-0.01,0.0,2
8.35800004005,7,2.4,6.2,-0.01,0.0,14
8.35800004005,43,2.4,-9.6,-0.01,-0.25,11
8.40799999237,7,2.5,6.0,-0.01,0.0,13
8.40799999237,43,2.5,-10.4,-0.01,-0.25,9
8.45799994469,43,2.4,-9.6,-0.01,-0.25,11
8.45799994469,7,2.4,6.2,-0.01,0.0,14
8.507999897,7,2.5,6.0,0.0,0.0,13
8.507999897,43,2.5,-10.4,0.0,-0.25,9
8.55799984932,7,2.4,6.2,-0.01,0.0,13
8.55799984932,43,2.4,-9.6,-0.01,0.0,10
8.60800004005,7,2.5,6.0,-0.01,0.0,14
8.60800004005,43,2.5,-10.4,-0.01,-0.25,10
8.65799999237,7,2.4,6.2,-0.01,0.0,14
8.65799999237,43,2.4,-9.6,-0.01,0.0,11
8.70799994469,7,2.5,6.0,0.0,0.0,13
8.70799994469,43,2.5,-10.4,0.0,-0.25,9
8.757999897,32,4.9,-5.9,-0.02,0.0,1
8.757999897,43,2.5,-9.6,-0.01,-0.25,11
8.757999897,7,2.5,6.2,-0.01,0.0,14
8.80799984932,7,2.5,6.0,-0.01,0.0,13
8.80799984932,43,2.5,-10.4,-0.01,-0.25,9
8.85800004005,32,4.5,-5.9,0.0,0.0,2
8.85800004005,36,4.5,10.6,0.0,0.0,1
8.85800004005,7,2.5,6.3,0.0,0.0,14
8.85800004005,43,2.5,-9.6,0.0,-0.25,11
8.90799999237,7,2.5,6.0,-0.01,0.0,13
8.90799999237,43,2.5,-10.3,-0.01,-0.25,9
8.95799994469,7,2.4,6.2,-0.01,0.0,13
8.95799994469,43,2.4,-9.5,-0.01,-0.25,10
9.007999897,7,2.5,6.0,0.01,0.0,13
9.007999897,43,2.5,-10.3,0.01,-0.25,9
9.05799984932,36,4.4,10.8,-0.01,0.0,1
9.05799984932,7,2.4,6.3,0.0,0.0,13
9.05799984932,43,2.4,-9.6,0.0,-0.25,10
9.10800004005,7,2.5,6.0,-0.01,0.0,13
9.10800004005,43,2.5,-10.3,-0.01,-0.25,9
9.15899991989,32,4.5,-5.9,0.0,0.0,1
9.15899991989,7,2.4,6.2,-0.01,0.0,13
9.15899991989,43,2.4,-9.6,-0.01,-0.25,10
9.20899987221,7,2.5,6.0,0.0,0.0,14
9.20899987221,43,2.5,-10.4,0.0,-0.25,10
9.25899982452,7,2.4,6.2,0.0,0.0,13
9.25899982452,43,2.4,-9.6,0.0,-0.25,10
9.30900001526,7,2.5,6.0,0.01,0.0,13
9.30900001526,43,2.5,-10.3,0.01,-0.25,9
9.35899996758,7,2.4,6.2,-0.01,0.0,13
9.35899996758,43,2.4,-9.6,-0.01,-0.25,10
9.40899991989,43,2.5,-10.4,-0.01,-0.25,9
9.40899991989,7,2.5,6.0,-0.01,0.0,13
9.45899987221,32,4.5,-5.9,0.0,0.0,2
9.45899987221,7,2.4,6.2,-0.01,0.0,14
9.45899987221,43,2.4,-9.6,-0.01,-0.25,11
9.50899982452,7,2.5,6.0,-0.01,0.0,13
9.50899982452,43,2.5,-10.4,-0.01,-0.25,10
9.55900001526,7,2.4,6.2,0.0,0.0,13
9.55900001526,43,2.4,-9.6,0.0,0.0,10
9.60899996758,7,2.5,6.0,-0.01,0.0,13
9.60899996758,43,2.5,-10.4,-0.01,-0.25,9
9.65899991989,7,2.4,6.2,-0.01,0.0,13
9.65899991989,43,2.4,-9.6,-0.01,-0.25,10
9.70899987221,7,2.5,6.0,-0.01,0.0,13
9.70899987221,43,2.5,-10.4,-0.01,-0.25,9
9.75899982452,32,4.4,-5.9,-0.01,0.0,1
9.75899982452,7,2.4,6.3,-0.01,0.0,14
9.75899982452,43,2.4,-9.5,-0.01,-0.25,11
9.80799984932,7,2.5,6.1,-0.01,0.0,13
9.80799984932,43,2.5,-10.3,-0.01,-0.25,9
9.85899996758,36,4.4,10.5,-0.01,-0.25,1
9.85899996758,7,2.5,6.2,-0.01,0.0,14
9.85899996758,43,2.5,-9.6,-0.01,-0.25,11
9.90799999237,7,2.5,6.0,-0.01,0.0,13
9.90799999237,43,2.5,-10.4,-0.01,-0.25,9
9.95799994469,7,2.4,6.3,-0.01,0.0,13
9.95799994469,43,2.4,-9.6,-0.01,-0.25,10
10.007999897,7,2.5,6.0,0.01,0.0,13
10.007999897,43,2.5,-10.4,0.01,-0.25,9
10.0579998493,7,2.4,6.2,-0.01,0.0,13
10.0579998493,43,2.4,-9.6,-0.01,-0.25,10
10.1080000401,7,2.5,6.0,0.01,0.0,13
10.1080000401,43,2.5,-10.4,0.01,-0.25,9
10.1579999924,7,2.4,6.2,-0.01,0.0,13
10.1579999924,43,2.4,-9.6,-0.01,-0.25,10
10.2079999447,7,2.5,6.1,0.01,0.0,13
10.2079999447,43,2.5,-10.4,0.01,-0.25,9
10.257999897,7,2.4,6.2,0.0,0.0,13
10.257999897,43,2.4,-9.6,0.0,-0.25,10
10.3079998493,7,2.5,6.0,0.01,0.0,13
10.3079998493,43,2.5,-10.3,0.01,-0.25,9
10.3580000401,7,2.4,6.2,-0.01,0.0,13
10.3580000401,43,2.4,-9.6,-0.01,-0.25,10
10.4079999924,7,2.5,6.0,0.0,0.0,13
10.4079999924,43,2.5,-10.4,0.0,-0.25,9
10.4579999447,36,4.3,10.8,-0.01,0.0,1
10.4579999447,7,2.4,6.2,-0.01,0.0,13
10.4579999447,43,2.4,-9.6,-0.01,-0.25,10
10.507999897,7,2.5,6.0,0.0,0.0,13
10.507999897,43,2.5,-10.4,0.0,-0.25,9
10.5590000153,7,2.4,6.3,-0.01,0.0,13
10.5590000153,43,2.4,-9.6,-0.01,-0.25,10
10.6089999676,36,5.3,10.4,-0.02,0.0,1
10.6089999676,7,2.5,6.0,-0.01,0.0,14
10.6089999676,43,2.5,-10.4,-0.01,-0.25,10
10.6589999199,7,2.4,6.2,0.0,0.0,13
10.6589999199,43,2.4,-9.6,0.0,-0.25,10
10.7089998722,7,2.5,6.0,-0.01,0.0,13
10.7089998722,43,2.5,-10.4,-0.01,-0.25,9
10.7589998245,36,4.4,11.2,0.0,0.0,1
10.7589998245,7,2.4,6.2,0.0,0.0,13
10.7589998245,43,2.4,-9.6,0.0,-0.25,10
10.8090000153,7,2.5,6.0,0.0,0.0,13
10.8090000153,43,2.5,-10.4,0.0,-0.25,9
10.8589999676,7,2.4,6.2,-0.01,0.0,13
10.8589999676,43,2.4,-9.6,-0.01,-0.25,10
10.9089999199,7,2.5,6.0,0.01,0.0,13
10.9089999199,43,2.5,-10.4,0.01,-0.25,10
10.9589998722,7,2.4,6.2,-0.01,0.0,14
10.9589998722,43,2.4,-9.6,-0.01,-0.25,11
11.0089998245,7,2.5,6.1,-0.01,0.0,13
11.0089998245,43,2.5,-10.4,-0.01,-0.25,10
11.0590000153,7,2.4,6.2,0.0,0.0,13
11.0590000153,43,2.4,-9.6,0.0,-0.25,10
11.1089999676,7,2.5,6.1,-0.01,0.0,13
11.1089999676,43,2.5,-10.3,-0.01,-0.25,9
11.1589999199,7,2.4,6.3,0.0,0.0,13
11.1589999199,43,2.4,-9.6,0.0,-0.25,10
11.2089998722,7,2.5,6.0,-0.01,0.0,13
11.2089998722,43,2.5,-10.4,-0.01,-0.25,9
11.2589998245,36,4.9,10.6,-0.02,0.0,1
11.2589998245,7,2.4,6.3,0.0,0.0,13
11.2589998245,43,2.4,-9.6,0.0,-0.25,10
11.3090000153,7,2.5,6.1,-0.01,0.0,13
11.3090000153,43,2.5,-10.4,-0.01,-0.25,9
11.3589999676,36,4.9,11.2,-0.02,0.0,1
11.3589999676,7,2.5,6.2,-0.01,0.0,13
11.3589999676,43,2.5,-9.6,-0.01,0.0,10
11.4089999199,7,2.5,6.0,-0.01,0.0,14
11.4089999199,43,2.5,-10.4,-0.01,0.0,10
11.4589998722,32,4.9,-7.1,-0.02,0.0,2
11.4589998722,43,2.5,-9.6,-0.01,0.0,10
11.4589998722,7,2.5,6.2,-0.01,0.0,13
11.507999897,36,5.1,10.2,-0.02,0.0,1
11.507999897,7,2.5,6.0,-0.01,0.0,14
11.507999897,43,2.5,-10.4,-0.01,0.0,10
11.5579998493,36,4.9,10.9,-0.02,0.0,1
11.5579998493,7,2.5,6.2,-0.01,0.0,14
11.5579998493,43,2.5,-9.7,-0.01,0.0,11
11.6080000401,7,2.5,6.0,-0.01,0.0,14
11.6080000401,43,2.5,-10.4,-0.01,0.0,10
11.6579999924,36,4.9,10.6,-0.02,0.0,1
11.6579999924,7,2.5,6.3,0.0,0.0,13
11.6579999924,43,2.5,-9.6,0.0,0.0,10
11.7079999447,7,2.5,6.1,-0.01,0.0,14
11.7079999447,43,2.5,-10.4,-0.01,0.0,10
11.757999897,32,4.4,-6.1,-0.01,0.0,2
11.757999897,36,4.4,10.8,-0.01,0.0,2
11.757999897,7,2.4,6.3,-0.01,0.0,14
11.757999897,43,2.4,-9.6,-0.01,0.0,11
11.8079998493,7,2.5,6.0,0.01,0.0,13
11.8079998493,43,2.5,-10.4,0.01,0.0,9
11.8589999676,36,4.4,10.5,0.0,0.0,1
11.8589999676,7,2.5,6.2,0.0,0.0,14
11.8589999676,43,2.5,-9.6,0.0,0.0,11
11.9089999199,43,2.5,-10.4,-0.01,0.0,10
11.9089999199,7,2.5,6.0,-0.01,0.0,14
11.9589998722,36,4.9,10.8,-0.02,0.0,1
11.9589998722,7,2.5,6.2,-0.01,0.0,14
11.9589998722,43,2.5,-9.6,-0.01,0.0,11
12.0089998245,7,2.5,6.0,-0.01,0.0,13
12.0089998245,43,2.5,-10.4,-0.01,0.0,9
12.0590000153,7,2.4,6.2,0.0,0.0,13
12.0590000153,43,2.4,-9.6,0.0,0.0,10
12.1089999676,7,2.5,6.1,0.01,0.0,13
12.1089999676,43,2.5,-10.4,0.01,0.0,9
12.1589999199,32,4.4,-7.9,-0.01,0.0,1
12.1589999199,36,4.4,11.0,-0.01,0.0,1
12.1589999199,7,2.4,6.2,-0.01,0.0,14
12.1589999199,43,2.4,-9.6,-0.01,0.0,11
12.2079999447,7,2.5,6.1,0.01,0.0,13
12.2079999447,43,2.5,-10.4,0.01,0.0,9
12.257999897,43,2.5,-9.6,0.0,0.0,10
12.257999897,7,2.5,6.2,0.0,0.0,13
12.3079998493,7,2.5,6.0,-0.01,0.0,14
12.3079998493,43,2.5,-10.4,-0.01,0.0,10
12.3580000401,36,5.0,10.6,-0.02,0.0,1
12.3580000401,7,2.5,6.3,-0.01,0.0,14
12.3580000401,43,2.5,-9.6,-0.01,0.0,11
12.4079999924,43,2.5,-10.3,-0.01,0.0,10
12.4079999924,7,2.5,6.0,-0.01,0.0,13
12.4579999447,43,2.4,-9.6,0.0,0.0,10
12.4579999447,7,2.4,6.2,0.0,0.0,13
12.507999897,7,2.5,6.0,-0.01,0.0,13
12.507999897,43,2.5,-10.4,-0.01,0.0,10
12.5579998493,7,2.4,6.3,0.0,0.0,13
12.5579998493,43,2.4,-9.6,0.0,0.0,10
12.6089999676,7,2.5,6.0,-0.01,0.0,13
12.6089999676,43,2.5,-10.4,-0.01,0.0,9
12.6589999199,32,5.0,-8.7,-0.02,0.0,2
12.6589999199,43,2.5,-9.6,0.0,0.0,10
12.6589999199,7,2.5,6.3,0.0,0.0,13
12.7089998722,43,2.5,-10.4,0.01,0.0,9
12.7089998722,7,2.5,6.1,0.01,0.0,13
12.7589998245,32,4.6,-6.3,-0.01,0.0,6
12.7589998245,7,2.4,6.3,0.0,0.0,13
12.7589998245,43,2.4,-9.6,0.0,0.0,10
12.8090000153,7,2.5,6.0,0.0,0.0,13
12.8090000153,43,2.5,-10.4,0.0,0.0,9
12.8589999676,7,2.4,6.2,-0.01,0.0,13
12.8589999676,43,2.4,-9.6,-0.01,0.0,10
12.9089999199,43,2.5,-10.4,0.0,0.0,9
12.9089999199,7,2.5,6.0,0.0,0.0,13
12.9589998722,43,2.4,-9.6,0.0,0.0,10
12.9589998722,7,2.4,6.2,0.0,0.0,13
13.0089998245,7,2.5,6.0,0.01,0.0,13
13.0089998245,43,2.5,-10.4,0.01,0.0,9
13.0590000153,36,5.0,10.5,-0.02,0.0,1
13.0590000153,7,2.5,6.3,0.0,0.0,13
13.0590000153,43,2.5,-9.6,0.0,0.0,10
13.1089999676,7,2.5,6.0,-0.01,0.0,13
13.1089999676,43,2.5,-10.4,-0.01,0.0,9
13.1589999199,32,5.0,-8.4,-0.02,-0.25,3
13.1589999199,43,2.5,-9.6,0.0,0.0,11
13.1589999199,7,2.5,6.3,0.0,0.0,14
13.2089998722,43,2.5,-10.4,0.01,0.0,9
13.2089998722,7,2.5,6.0,0.01,0.0,13
13.2589998245,7,2.5,6.2,0.0,0.0,14
13.2589998245,43,2.5,-9.6,0.0,0.0,11
13.3090000153,7,2.5,6.0,0.01,0.0,14
13.3090000153,43,2.5,-10.4,0.01,0.0,10
13.3589999676,43,2.4,-9.6,-0.01,0.0,10
13.3589999676,7,2.4,6.2,-0.01,0.0,13
13.4089999199,43,2.5,-10.4,0.01,0.0,9
13.4089999199,7,2.5,6.1,0.01,0.0,13
13.4589998722,7,2.4,6.3,-0.01,0.0,13
13.4589998722,43,2.4,-9.6,-0.01,0.0,10
13.507999897,32,5.0,-6.4,-0.02,0.0,3
13.507999897,43,2.5,-10.4,0.01,0.0,9
13.507999897,7,2.5,6.1,0.01,0.0,13
13.5579998493,32,4.5,-7.6,-0.01,0.0,7
13.5579998493,7,2.4,6.3,-0.01,0.0,14
13.5579998493,43,2.4,-9.6,-0.01,0.0,11
13.6080000401,7,2.5,6.0,-0.01,0.0,13
13.6080000401,43,2.5,-10.4,-0.01,0.0,9
13.6579999924,43,2.4,-9.6,0.0,0.0,10
13.6579999924,7,2.4,6.3,0.0,0.0,13
13.7079999447,43,2.5,-10.4,-0.01,0.0,9
13.7079999447,7,2.5,6.1,-0.01,0.0,12
13.7589998245,7,2.5,6.2,-0.01,0.0,14
13.7589998245,43,2.5,-9.6,-0.01,0.0,11
13.8090000153,32,4.9,-8.5,-0.02,0.0,2
13.8090000153,43,2.5,-10.4,-0.01,0.0,10
13.8090000153,7,2.5,6.0,-0.01,0.0,14
13.8589999676,7,2.5,5.8,-0.01,0.0,14
13.8589999676,43,2.5,-9.7,-0.01,0.0,10
13.9089999199,7,2.8,4.3,-0.02,0.0,4
13.9589998722,7,2.5,4.4,0.0,0.0,9
14.0089998245,43,2.5,-10.0,-0.01,0.0,8
14.0089998245,7,2.5,5.9,-0.01,0.0,13
14.0590000153,32,5.1,-8.9,0.0,0.0,4
14.0590000153,36,5.1,10.8,0.0,0.25,1
14.0590000153,7,2.5,6.3,-0.01,0.0,14
14.0590000153,43,2.5,-9.6,-0.01,0.0,11
14.1089999676,36,5.4,10.4,-0.02,0.25,1
14.1089999676,7,2.5,6.1,-0.01,0.0,13
14.1089999676,43,2.5,-10.4,-0.01,0.0,9
14.1589999199,32,5.0,-7.1,-0.02,0.0,2
14.1589999199,43,2.4,-9.7,-0.01,0.0,10
14.1589999199,7,2.4,6.2,-0.01,0.0,13
14.2089998722,32,5.2,-5.9,-0.02,0.0,1
14.2089998722,7,2.5,6.1,0.01,0.0,13
14.2089998722,43,2.5,-10.4,0.01,0.0,9
14.2589998245,36,5.0,10.5,-0.02,0.5,1
14.2589998245,7,2.5,6.2,-0.01,0.0,13
14.2589998245,43,2.5,-9.6,-0.01,0.0,10
14.3090000153,36,5.2,10.1,-0.02,0.25,1
14.3090000153,7,2.5,6.0,-0.01,0.0,13
14.3090000153,43,2.5,-10.4,-0.01,0.0,10
14.3589999676,32,5.1,-6.9,-0.02,0.0,2
14.3589999676,43,2.5,-9.6,-0.01,0.0,11
14.3589999676,7,2.5,6.3,-0.01,0.0,14
14.4079999924,43,2.5,-10.4,0.01,0.0,9
14.4079999924,7,2.5,6.1,0.01,0.0,13
14.4579999447,7,2.4,6.3,0.0,0.0,14
14.4579999447,43,2.4,-9.6,0.0,0.0,11
14.5089998245,7,2.5,6.1,0.0,0.0,13
14.5089998245,43,2.5,-10.4,0.0,0.0,9
14.5590000153,7,2.4,6.2,-0.01,0.0,13
14.5590000153,43,2.4,-9.6,-0.01,0.0,10
14.6089999676,7,2.5,6.1,0.01,0.0,13
14.6089999676,43,2.5,-10.4,0.01,0.0,9
14.6589999199,7,2.4,6.2,-0.01,0.0,14
14.6589999199,43,2.4,-9.6,-0.01,0.0,11
14.7089998722,32,5.0,-8.0,-0.02,0.0,1
14.7089998722,43,2.5,-10.4,0.0,0.0,10
14.7089998722,7,2.5,6.0,0.0,0.0,14
14.7589998245,32,4.9,-7.9,-0.02,0.0,4
14.7589998245,43,2.5,-9.6,-0.01,0.0,11
14.7589998245,7,2.5,6.2,-0.01,0.0,14
14.8090000153,7,2.5,6.0,-0.01,0.0,14
14.8090000153,43,2.5,-10.4,-0.01,0.0,10
14.8589999676,7,2.4,6.2,-0.01,0.0,13
14.8589999676,43,2.4,-9.6,-0.01,0.0,10
14.9089999199,43,2.5,-10.4,0.01,0.0,9
14.9089999199,7,2.5,6.1,0.01,0.0,13
14.9589998722,43,2.4,-9.6,-0.01,0.0,10
14.9589998722,7,2.4,6.3,-0.01,0.0,13
15.0089998245,7,2.5,6.1,0.0,0.0,13
15.0089998245,43,2.5,-10.4,0.0,0.0,9
15.0590000153,7,2.4,6.2,0.0,0.0,14
15.0590000153,43,2.4,-9.6,0.0,0.0,11
15.1089999676,7,2.5,6.1,-0.01,0.0,13
15.1089999676,43,2.5,-10.4,-0.01,0.0,9
15.1589999199,7,2.4,6.3,-0.01,0.0,13
15.1589999199,43,2.4,-9.6,-0.01,0.0,10
15.2089998722,7,2.5,6.0,-0.01,0.0,13
15.2089998722,43,2.5,-10.4,-0.01,0.0,9
15.2589998245,7,2.5,6.3,-0.01,0.0,14
15.2589998245,43,2.5,-9.6,-0.01,0.0,11
15.3090000153,7,2.5,6.1,-0.01,0.0,13
15.3090000153,43,2.5,-10.4,-0.01,-0.25,10
15.3589999676,7,2.4,6.3,-0.01,0.0,13
15.3589999676,43,2.4,-9.5,-0.01,0.0,10
15.4089999199,7,2.5,6.0,-0.01,0.0,13
15.4089999199,43,2.5,-10.4,-0.01,-0.25,9
15.4589998722,36,5.0,10.4,-0.02,-0.25,1
15.4589998722,7,2.5,6.3,0.0,0.0,13
15.4589998722,43,2.5,-9.6,0.0,-0.25,10
15.5089998245,7,2.5,6.1,0.01,0.0,13
15.5089998245,43,2.5,-10.4,0.01,-0.25,9
15.5590000153,43,2.5,-9.6,0.0,-0.25,10
15.5590000153,7,2.5,6.3,0.0,0.0,13
15.6089999676,43,2.5,-10.4,0.01,-0.25,10
15.6089999676,7,2.5,6.1,0.01,0.0,13
15.6589999199,43,2.5,-9.6,-0.01,-0.25,11
15.6589999199,7,2.5,6.3,-0.01,0.0,14
15.7089998722,43,2.5,-10.3,-0.01,-0.25,9
15.7089998722,7,2.5,6.0,-0.01,0.0,13
15.7589998245,7,2.4,6.2,-0.01,0.0,14
15.7589998245,43,2.4,-9.6,-0.01,0.0,11
15.8090000153,7,2.5,6.0,-0.01,0.0,14
15.8090000153,43,2.5,-10.4,-0.01,0.0,10
15.8589999676,7,2.5,6.2,-0.01,0.0,13
15.8589999676,43,2.5,-9.6,-0.01,0.0,10
15.9049999714,7,2.5,6.0,-0.01,0.0,13
15.9049999714,43,2.5,-10.4,-0.01,0.0,10
15.9600000381,7,2.4,6.2,-0.01,0.0,14
15.9600000381,43,2.4,-9.7,-0.01,0.0,11
16.004999876,43,2.5,-10.4,0.01,0.0,10
16.004999876,7,2.5,6.0,0.01,0.0,13
16.0539999008,43,2.4,-9.6,0.0,0.0,11
16.0539999008,7,2.4,6.3,0.0,0.0,14
16.1039998531,43,2.5,-10.4,-0.01,0.0,9
16.1039998531,7,2.5,6.1,-0.01,0.0,13
16.1540000439,7,2.4,6.3,0.0,0.0,13
16.1540000439,43,2.4,-9.6,0.0,0.0,10
16.2039999962,7,2.5,6.1,-0.01,0.0,13
16.2039999962,43,2.5,-10.4,-0.01,0.0,9
16.2539999485,43,2.4,-9.6,0.0,0.0,10
16.2539999485,4,4.4,-7.3,0.0,0.0,4
16.2539999485,7,2.4,6.3,0.0,0.0,13
16.3039999008,4,4.7,-7.6,-0.02,-0.25,5
16.3039999008,7,2.5,6.0,-0.01,0.0,13
16.3039999008,43,2.5,-10.4,-0.01,0.0,10
16.3539998531,43,2.4,-9.6,0.0,0.0,10
16.3539998531,4,4.4,-7.0,-0.01,0.25,4
16.3539998531,7,2.4,6.3,0.0,0.0,13
16.4040000439,43,2.5,-10.4,0.0,0.0,9
16.4040000439,4,2.5,-3.6,-0.01,0.75,4
16.4040000439,7,2.5,6.1,0.0,0.0,13
16.4539999962,43,2.4,-9.6,0.0,0.0,10
16.4539999962,4,4.4,-7.4,-0.01,0.25,4
16.4539999962,7,2.4,6.3,0.0,0.0,13
16.5039999485,4,4.8,-8.0,-0.02,-0.25,4
16.5039999485,7,2.5,6.0,0.01,0.0,13
16.5039999485,43,2.5,-10.4,0.01,0.0,10
16.5539999008,43,2.4,-9.7,-0.01,0.0,10
16.5539999008,4,4.4,-7.6,0.0,-0.25,5
16.5539999008,7,2.4,6.2,-0.01,0.0,13
16.6039998531,4,4.8,-7.4,-0.02,-0.25,2
16.6039998531,7,2.5,6.0,-0.01,0.0,13
16.6039998531,43,2.5,-10.4,-0.01,0.0,9
16.6540000439,43,2.4,-9.6,0.0,0.0,10
16.6540000439,4,4.4,-6.5,-0.01,-0.25,2
16.6540000439,7,2.4,6.3,0.0,0.0,13
16.7039999962,4,4.8,-6.9,-0.02,-0.25,1
16.7039999962,7,2.5,6.1,0.0,0.0,13
16.7039999962,43,2.5,-10.4,0.0,0.0,9
16.7539999485,4,4.8,-6.7,-0.02,-0.25,2
16.7539999485,7,2.4,6.3,0.0,0.0,13
16.7539999485,43,2.4,-9.6,0.0,0.0,10
16.8039999008,4,4.8,-7.3,-0.02,-0.25,1
16.8039999008,7,2.5,6.1,0.01,0.0,13
16.8039999008,43,2.5,-10.4,0.01,0.0,9
16.8539998531,43,2.4,-9.6,-0.01,0.0,11
16.8539998531,4,4.4,-6.9,-0.01,-0.25,3
16.8539998531,7,2.4,6.2,-0.01,0.0,14
16.9040000439,7,2.5,6.0,-0.01,0.0,13
16.9040000439,43,2.5,-10.4,-0.01,0.0,9
16.9539999962,7,2.4,6.3,0.0,0.0,13
16.9539999962,43,2.4,-9.6,0.0,0.0,10
17.0039999485,7,2.5,6.1,0.01,0.0,14
17.0039999485,43,2.5,-10.4,0.01,0.0,10
17.0539999008,7,2.4,6.3,0.0,0.0,13
17.0539999008,43,2.4,-9.6,0.0,0.0,10
17.1039998531,4,4.8,-6.2,-0.02,0.0,1
17.1039998531,7,2.5,6.1,0.0,0.0,13
17.1039998531,43,2.5,-10.4,0.0,0.0,9
17.1540000439,43,2.4,-9.6,-0.01,0.0,10
17.1540000439,4,4.4,-7.2,-0.01,0.0,3
17.1540000439,7,2.4,6.2,-0.01,0.0,13
17.2039999962,4,4.8,-7.6,-0.02,0.0,2
17.2039999962,7,2.5,6.1,0.01,0.0,13
17.2039999962,43,2.5,-10.4,0.01,0.0,9
17.2539999485,4,4.8,-6.7,-0.02,0.0,2
17.2539999485,7,2.4,6.2,-0.01,0.0,13
17.2539999485,43,2.4,-9.6,-0.01,0.0,10
17.3049998283,4,4.8,-6.7,-0.02,0.0,2
17.3049998283,7,2.5,6.0,-0.01,0.0,13
17.3049998283,43,2.5,-10.4,-0.01,0.0,9
17.3550000191,43,2.4,-9.6,0.0,0.0,10
17.3550000191,4,4.4,-6.5,-0.01,0.0,2
17.3550000191,7,2.4,6.2,0.0,0.0,13
17.4049999714,7,2.5,6.0,-0.01,0.0,13
17.4049999714,43,2.5,-10.4,-0.01,0.0,9
17.4549999237,43,2.4,-9.6,-0.01,0.0,11
17.4549999237,4,4.3,-6.6,0.0,0.0,3
17.4549999237,7,2.4,6.2,-0.01,0.0,14
17.504999876,4,4.8,-7.1,-0.02,0.0,3
17.504999876,7,2.5,6.0,0.01,0.0,13
17.504999876,43,2.5,-10.4,0.01,0.0,9
17.5549998283,43,2.4,-9.6,-0.01,0.0,10
17.5549998283,4,4.4,-6.6,-0.01,0.0,4
17.5549998283,7,2.4,6.2,-0.01,0.0,13
17.6039998531,4,4.7,-7.4,-0.02,0.0,3
17.6039998531,7,2.5,6.0,0.0,0.0,13
17.6039998531,43,2.5,-10.4,0.0,0.0,9
17.6540000439,43,2.4,-9.7,0.0,0.0,10
17.6540000439,4,4.4,-7.4,-0.01,0.0,4
17.6540000439,7,2.4,6.2,0.0,0.0,13
17.7039999962,7,2.5,6.0,-0.01,0.0,13
17.7039999962,43,2.5,-10.4,-0.01,0.0,9
17.7539999485,7,2.4,6.2,-0.01,0.0,13
17.7539999485,43,2.4,-9.7,-0.01,0.0,10
17.8039999008,7,2.5,6.0,0.0,0.0,13
17.8039999008,43,2.5,-10.4,0.0,0.0,9
17.8539998531,7,2.5,6.3,-0.01,0.0,13
17.8539998531,43,2.5,-9.6,-0.01,0.0,10
17.9049999714,7,2.5,6.0,-0.01,0.0,13
17.9049999714,43,2.5,-10.4,-0.01,0.0,9
17.9539999962,7,2.4,6.3,0.0,0.0,13
17.9539999962,43,2.4,-9.6,0.0,0.0,10
18.0039999485,43,2.5,-10.4,0.0,0.0,9
18.0039999485,7,2.5,6.0,0.0,0.0,13
18.0539999008,7,2.4,6.2,-0.01,0.0,13
18.0539999008,43,2.4,-9.6,-0.01,0.0,10
18.1039998531,7,2.5,6.1,0.01,0.0,13
18.1039998531,43,2.5,-10.4,0.01,0.0,9
18.1540000439,7,2.5,6.3,0.0,0.0,13
18.1540000439,43,2.5,-9.6,0.0,0.0,10
18.2039999962,7,2.5,6.1,0.01,0.0,13
18.2039999962,43,2.5,-10.4,0.01,0.0,9
18.2539999485,36,4.9,11.2,-0.02,0.0,2
18.2539999485,7,2.5,6.3,0.0,0.0,14
18.2539999485,43,2.5,-9.6,0.0,0.0,11
18.3039999008,7,2.5,6.1,-0.01,0.0,13
18.3039999008,43,2.5,-10.4,-0.01,0.0,9
18.3539998531,43,2.5,-9.6,0.0,0.0,10
18.3539998531,7,2.5,6.3,0.0,0.0,13
18.3539998531,36,4.9,11.1,-0.02,0.0,1
18.4040000439,43,2.5,-10.4,0.0,0.0,10
18.4040000439,7,2.5,6.1,0.0,0.0,13
18.4539999962,36,5.0,11.5,-0.02,0.0,1
18.4539999962,7,2.5,6.3,0.0,0.0,13
18.4539999962,43,2.5,-9.6,0.0,0.0,10
18.5039999485,7,2.5,6.1,0.01,0.0,13
18.5039999485,43,2.5,-10.2,0.01,0.0,9
18.5539999008,7,2.5,6.3,0.0,0.0,13
18.5539999008,43,2.5,-9.6,0.0,0.0,10
18.6039998531,7,2.5,6.1,0.01,0.0,13
18.6039998531,43,2.5,-10.4,0.01,0.0,9
18.6540000439,7,2.4,6.2,0.0,0.0,13
18.6540000439,43,2.4,-9.6,0.0,0.0,10
18.7039999962,7,2.5,6.0,-0.01,0.0,14
18.7039999962,43,2.5,-10.3,-0.01,-0.25,10
18.754999876,7,2.5,6.2,-0.01,0.0,13
18.754999876,43,2.5,-9.6,-0.01,-0.25,10
18.8049998283,7,2.5,6.0,-0.01,0.0,13
18.8049998283,43,2.5,-10.4,-0.01,-0.25,10
18.8550000191,7,2.4,6.3,-0.01,0.0,14
18.8550000191,43,2.4,-9.6,-0.01,-0.25,11
18.9049999714,7,2.5,6.0,0.0,0.0,13
18.9049999714,43,2.5,-10.4,0.0,-0.25,9
18.9549999237,4,5.9,-7.7,-0.06,-0.25,1
18.9549999237,7,2.4,6.3,0.0,0.0,14
18.9549999237,43,2.4,-9.6,0.0,-0.25,11
19.004999876,7,2.5,6.0,0.01,0.0,13
19.004999876,43,2.5,-10.3,0.01,-0.25,9
19.0549998283,7,2.4,6.2,-0.01,0.0,14
19.0549998283,43,2.4,-9.6,-0.01,-0.25,11
19.1039998531,7,2.5,6.0,0.01,0.0,13
19.1039998531,43,2.5,-10.4,0.01,-0.25,9
19.1540000439,7,2.4,6.2,0.0,0.0,13
19.1540000439,43,2.4,-9.6,0.0,-0.25,10
19.2039999962,43,2.5,-10.4,0.01,-0.25,9
19.2039999962,4,5.0,-8.7,-0.02,0.0,4
19.2039999962,7,2.5,6.0,0.01,0.0,13
19.2539999485,4,4.9,-8.4,-0.02,0.25,4
19.2539999485,7,2.5,6.3,-0.01,0.0,13
19.2539999485,43,2.5,-9.6,-0.01,0.0,10
19.3039999008,7,2.5,6.0,0.01,0.0,13
19.3039999008,43,2.5,-10.4,0.01,0.0,9
19.3539998531,7,2.4,6.2,-0.01,0.0,14
19.3539998531,43,2.4,-9.7,-0.01,0.0,11
19.4040000439,7,2.5,6.0,-0.01,0.0,13
19.4040000439,43,2.5,-10.4,-0.01,0.0,10
19.4539999962,43,2.5,-9.1,0.0,0.0,10
19.4539999962,7,2.4,6.3,0.0,0.0,13
19.5039999485,43,2.5,-8.3,-0.01,0.0,4
19.5039999485,7,2.5,6.1,-0.01,0.0,12
19.5539999008,43,2.4,-8.2,-0.01,0.0,6
19.5539999008,7,2.4,6.3,-0.01,0.0,13
19.6039998531,43,2.5,-8.2,0.01,0.0,5
19.6039998531,7,2.5,6.1,0.01,0.0,12
19.6540000439,7,2.5,4.9,-0.01,0.0,14
19.7039999962,7,2.5,3.7,-0.01,0.0,15
19.7539999485,7,2.5,3.9,-0.01,0.0,14
19.8039999008,7,2.6,4.4,-0.01,0.0,6






20.1549999714,43,0.4,5.4,0.26,0.25,4






20.504999876,36,2.9,6.9,0.01,-0.25,1
20.5549998283,36,2.6,6.3,-0.01,-0.25,4
20.5549998283,43,0.9,-4.1,0.76,0.25,2
20.6050000191,36,2.6,5.8,-0.01,-0.5,5
20.6540000439,14,0.6,-3.3,0.32,0.0,11
20.6540000439,36,2.6,5.6,-0.01,-0.5,6
20.7039999962,14,0.7,-3.6,0.25,0.0,13
20.7039999962,36,2.6,5.4,0.01,-0.5,6
20.7539999485,43,0.6,-3.7,0.22,0.25,15
20.7539999485,36,2.5,5.3,0.01,-0.75,7
20.7539999485,14,2.0,5.4,0.06,0.25,7
20.8039999008,36,2.5,5.3,0.02,-0.75,7
20.8039999008,14,0.7,-3.9,0.21,0.25,15
20.8539998531,43,2.0,5.4,0.06,0.25,8
20.8539998531,36,2.5,5.3,0.0,-0.75,8
20.8539998531,14,0.6,-4.1,0.21,0.25,15
20.9040000439,43,2.2,5.3,0.06,0.25,8
20.9040000439,36,2.5,5.2,-0.01,-0.75,8
20.9040000439,14,0.7,-3.7,0.23,0.25,16
20.9539999962,43,1.9,5.2,0.06,0.25,9
20.9539999962,36,2.5,5.0,0.0,-0.75,9
20.9539999962,14,0.7,-4.8,0.19,0.25,15
21.0039999485,43,2.2,5.3,0.06,0.25,9
21.0039999485,14,0.7,-4.6,0.17,0.25,14
21.0039999485,36,2.5,5.2,0.01,-0.75,9
21.0539999008,36,2.5,5.0,-0.01,-0.75,10
21.1039998531,43,2.2,5.1,0.06,0.25,10
21.1039998531,36,2.5,5.0,-0.01,-0.75,10
21.1540000439,43,1.9,5.2,0.06,0.25,11
21.1540000439,36,2.5,5.0,0.01,-0.75,11
21.1540000439,14,0.7,-4.1,0.2,0.25,15
21.2039999962,36,2.5,4.8,-0.01,-0.75,11
21.2039999962,14,0.7,-5.2,0.2,0.0,15
21.2539999485,36,2.5,4.7,0.0,-0.75,12
21.2539999485,14,0.7,-5.4,0.21,0.0,14
21.3039999008,43,2.2,4.8,0.06,0.25,12
21.3039999008,36,2.5,4.7,-0.01,-0.5,12
21.3039999008,14,0.7,-6.6,0.22,0.0,14
21.3550000191,43,2.0,4.8,0.06,0.25,12
21.3550000191,36,2.5,4.7,-0.01,-0.5,12
21.3550000191,14,0.7,-6.7,0.22,0.0,15
21.4049999714,36,2.5,4.8,-0.01,-0.5,12
21.4049999714,14,0.8,-7.8,0.23,0.0,14
21.4549999237,43,2.3,5.0,-0.06,0.25,12
21.4549999237,36,2.5,5.0,0.0,-0.5,12
21.4549999237,14,0.8,-8.4,0.23,0.0,11
21.504999876,43,2.2,4.9,0.06,0.25,12
21.504999876,36,2.5,4.8,-0.01,-0.5,12
21.504999876,14,0.8,-9.7,0.23,0.0,8
21.5549998283,43,2.3,4.7,-0.06,0.25,13
21.5549998283,36,2.5,4.7,0.0,-0.5,13
21.5549998283,14,0.8,-10.3,0.21,0.0,9
21.6050000191,43,2.2,4.5,0.06,0.25,14
21.6050000191,36,2.5,4.4,-0.01,-0.5,14
21.6050000191,14,0.8,-10.1,0.21,0.0,11
21.6549999714,43,2.0,4.6,0.06,0.25,15
21.6549999714,36,2.5,4.4,0.0,-0.25,15
21.6549999714,14,0.8,-9.7,0.23,0.0,13
21.7049999237,43,2.2,4.3,0.06,0.25,14
21.7049999237,36,2.5,4.3,0.0,-0.25,14
21.7049999237,14,0.8,-11.2,0.22,0.0,11
21.754999876,43,2.5,4.3,-0.06,0.25,14
21.754999876,36,2.5,4.3,0.0,-0.25,14
21.754999876,14,0.8,-8.2,0.21,0.0,8
21.8049998283,43,2.5,4.4,0.0,0.25,14
21.8049998283,36,2.6,4.3,-0.05,-0.25,14
21.8049998283,14,0.8,-8.7,0.19,0.0,4
21.8550000191,43,2.3,4.3,-0.06,0.0,15
21.8550000191,36,2.5,4.3,-0.01,-0.25,15
21.8550000191,14,0.9,-9.2,0.2,0.0,8
21.9049999714,43,2.5,3.9,-0.01,0.0,15
21.9049999714,36,2.6,3.9,-0.05,-0.25,15
21.9049999714,4,5.3,9.3,-0.02,1.75,1
21.9049999714,14,0.8,-9.6,0.18,-0.25,9
21.9549999237,36,2.5,3.7,-0.01,-0.25,16
21.9549999237,4,5.0,9.5,-0.02,1.75,1
21.9549999237,14,0.9,-8.9,0.2,-0.25,8
22.004999876,36,2.5,3.6,-0.01,-0.25,15
22.0549998283,4,5.1,9.4,-0.02,1.5,1
22.0549998283,36,2.5,3.6,-0.01,-0.25,15
22.1050000191,36,2.5,3.6,-0.01,-0.25,14
22.1549999714,36,2.5,3.7,-0.01,-0.25,14
22.2049999237,36,2.5,3.6,-0.01,0.0,14
22.2539999485,36,2.5,3.9,0.0,0.0,15
22.3039999008,36,2.5,3.9,-0.01,0.0,14
22.3539998531,43,2.0,3.9,0.06,0.0,16
22.3539998531,36,2.5,3.7,-0.01,0.0,16
22.3539998531,14,0.9,-10.6,0.22,-0.25,16
22.4040000439,36,2.5,3.5,-0.01,0.0,16
22.4040000439,14,0.9,-6.7,0.29,-0.25,10
22.4539999962,36,2.5,4.1,-0.01,0.0,14
22.4539999962,14,0.9,-6.9,0.31,0.0,3
22.5039999485,36,2.5,4.1,0.01,0.0,14
22.5539999008,36,2.5,4.3,0.0,0.0,15
22.6039998531,36,2.5,4.7,-0.01,0.0,13
22.6540000439,36,2.5,4.8,-0.01,0.0,15
22.7039999962,36,2.5,4.8,-0.01,0.0,13
22.7539999485,36,2.5,5.0,-0.01,0.0,14
22.8049998283,36,2.5,5.6,-0.01,0.0,13
22.8550000191,43,2.4,-7.6,-0.01,-0.25,6
22.8550000191,36,2.4,6.4,-0.01,0.0,12
22.9049999714,43,2.5,-8.2,-0.01,-0.5,3
22.9049999714,36,2.5,6.1,-0.01,0.0,12
22.9549999237,36,2.4,6.4,0.0,0.0,14
22.9549999237,43,2.4,-7.8,0.0,-0.5,8
22.9549999237,14,4.4,-6.7,0.0,-0.25,2
23.004999876,36,2.5,6.1,0.01,0.0,14
23.004999876,43,2.5,-9.3,0.01,-0.5,9
23.0549998283,43,2.5,-9.7,0.0,-0.5,11
23.0549998283,36,2.5,6.2,0.0,0.0,14
23.1050000191,36,2.5,6.1,-0.01,0.0,13
23.1050000191,43,2.5,-10.4,-0.01,-0.5,10
23.1549999714,10,5.0,-7.2,-0.02,-0.25,1
23.1549999714,36,2.5,6.3,-0.01,0.0,14
23.1549999714,43,2.5,-9.5,-0.01,-0.5,11
23.2049999237,36,2.5,6.0,0.0,0.0,13
23.2049999237,43,2.5,-10.3,0.0,-0.5,9
23.254999876,36,2.4,6.2,-0.01,0.0,13
23.254999876,43,2.4,-9.5,-0.01,-0.5,10
23.3049998283,10,5.1,-7.3,-0.02,-0.25,1
23.3049998283,36,2.5,6.1,0.01,0.0,13
23.3049998283,43,2.5,-10.3,0.01,-0.5,10
23.3550000191,10,4.9,-8.4,-0.02,-0.25,2
23.3550000191,36,2.5,6.2,-0.01,0.0,13
23.3550000191,43,2.5,-9.6,-0.01,-0.5,10
23.4049999714,14,2.5,-10.4,0.01,-0.25,10
23.4049999714,36,2.5,6.0,0.01,0.0,13
23.4549999237,10,5.0,-7.0,-0.02,-0.25,2
23.4549999237,14,2.5,-9.6,-0.01,-0.25,11
23.4549999237,36,2.5,6.3,-0.01,0.0,14
23.504999876,10,5.2,-9.1,-0.02,-0.25,1
23.504999876,14,2.5,-10.3,0.0,-0.25,9
23.504999876,36,2.5,6.1,0.0,0.0,13
23.5549998283,10,4.4,-8.0,0.0,-0.25,5
23.5549998283,36,2.4,6.2,0.0,0.0,13
23.5549998283,14,2.4,-9.6,0.0,-0.25,10
23.6050000191,36,2.5,6.0,-0.01,0.0,13
23.6050000191,14,2.5,-10.4,-0.01,-0.25,9
23.6549999714,36,2.4,6.3,-0.01,0.0,13
23.6549999714,4,4.5,11.2,-0.01,0.0,1
23.6549999714,14,2.4,-9.6,-0.01,-0.25,10
23.7049999237,10,5.0,-8.6,-0.01,0.0,3
23.7049999237,14,2.5,-10.4,0.01,-0.25,10
23.7049999237,36,2.5,6.1,0.01,0.0,13
23.754999876,10,4.9,-7.6,-0.02,0.0,5
23.754999876,14,2.5,-9.6,-0.01,-0.25,11
23.754999876,36,2.5,6.3,-0.01,0.0,14
23.8049998283,36,2.5,6.0,0.01,0.0,13
23.8049998283,14,2.5,-10.4,0.01,-0.25,9
23.8539998531,10,5.0,-6.4,-0.02,0.0,1
23.8539998531,14,2.4,-9.6,-0.01,-0.25,11
23.8539998531,36,2.4,6.2,-0.01,0.0,14
23.9040000439,10,4.8,-7.6,-0.02,0.0,4
23.9040000439,14,2.5,-10.4,-0.01,-0.25,10
23.9040000439,36,2.5,6.0,-0.01,0.0,13
23.9539999962,36,2.4,6.3,-0.01,0.0,14
23.9539999962,14,2.4,-9.5,-0.01,-0.25,11
24.0039999485,36,2.5,6.0,0.0,0.0,13
24.0039999485,14,2.5,-10.3,0.0,-0.25,9
24.0539999008,36,2.4,6.3,0.0,0.0,13
24.0539999008,14,2.4,-9.6,0.0,-0.25,10
24.1039998531,36,2.5,6.1,0.01,0.0,14
24.1039998531,14,2.5,-10.4,0.01,-0.25,10
24.1540000439,10,4.9,-6.7,-0.02,0.0,1
24.1540000439,14,2.4,-9.5,-0.01,-0.25,10
24.1540000439,36,2.4,6.2,-0.01,0.0,13
24.2049999237,36,2.5,6.1,-0.01,0.0,13
24.2049999237,14,2.5,-10.4,-0.01,-0.25,10
24.254999876,36,2.5,6.2,-0.01,0.0,13
24.254999876,14,2.5,-9.6,-0.01,0.0,10
24.3049998283,10,4.7,-5.6,-0.02,0.0,2
24.3049998283,14,2.5,-10.4,0.01,0.0,9
24.3049998283,36,2.5,6.0,0.01,0.0,13
24.3550000191,10,4.9,-6.9,-0.02,0.0,3
24.3550000191,14,2.5,-9.6,-0.01,0.0,11
24.3550000191,36,2.5,6.3,-0.01,0.0,14
24.4049999714,36,2.5,6.0,-0.01,0.0,13
24.4049999714,14,2.5,-10.4,-0.01,0.0,9
24.4549999237,14,2.4,-9.6,-0.01,0.0,11
24.4549999237,36,2.4,6.3,-0.01,0.0,14
24.504999876,36,2.5,6.0,-0.01,0.0,14
24.504999876,14,2.5,-10.4,-0.01,0.0,10
24.5549998283,10,4.5,-6.1,-0.01,0.25,3
24.5549998283,36,2.4,6.2,-0.01,0.0,13
24.5549998283,14,2.4,-9.7,-0.01,0.0,10
24.6050000191,10,5.2,-6.7,-0.02,0.25,2
24.6050000191,36,2.5,6.0,-0.01,0.0,13
24.6050000191,14,2.5,-10.4,-0.01,0.0,9
24.6549999714,36,2.5,6.2,-0.01,0.0,13
24.6549999714,14,2.5,-9.7,-0.01,0.0,10
24.7049999237,14,2.5,-10.4,-0.01,0.0,9
24.7049999237,36,2.5,6.1,-0.01,0.0,13
24.754999876,10,4.5,-6.1,-0.01,0.25,2
24.754999876,36,2.4,6.2,0.0,0.0,13
24.754999876,14,2.4,-9.6,0.0,0.0,10
24.8049998283,36,2.5,6.0,-0.01,0.0,13
24.8049998283,14,2.5,-10.4,-0.01,0.0,10
24.8550000191,36,2.5,6.3,-0.01,0.0,14
24.8550000191,14,2.5,-9.6,-0.01,0.0,11
24.9049999714,14,2.5,-10.4,-0.01,0.0,9
24.9049999714,36,2.5,6.0,-0.01,0.0,13
24.9549999237,36,2.4,6.3,0.0,0.0,13
24.9549999237,14,2.4,-9.6,0.0,0.0,10
25.004999876,36,2.5,6.1,0.01,0.0,13
25.004999876,14,2.5,-10.4,0.01,0.0,9
25.0549998283,10,5.0,-8.0,-0.02,0.25,3
25.0549998283,14,2.4,-9.6,0.0,0.0,10
25.0549998283,36,2.4,6.3,0.0,0.0,13
25.1050000191,10,5.1,-6.1,-0.02,0.25,1
25.1050000191,14,2.5,-10.4,-0.01,0.0,9
25.1050000191,36,2.5,6.0,-0.01,0.0,13
25.1549999714,10,5.0,-7.2,-0.02,0.25,4
25.1549999714,14,2.5,-9.7,-0.01,0.0,11
25.1549999714,36,2.5,6.2,-0.01,0.0,14
25.2049999237,10,5.1,-7.6,-0.02,0.0,2
25.2049999237,14,2.5,-10.4,0.0,0.0,9
25.2049999237,36,2.5,6.1,0.0,0.0,13
25.254999876,14,2.4,-9.6,0.0,0.0,10
25.254999876,36,2.4,6.3,0.0,0.0,13
25.3049998283,36,2.5,6.1,-0.01,0.0,13
25.3049998283,14,2.5,-10.4,-0.01,0.0,9
25.3550000191,14,2.5,-9.6,-0.01,0.0,10
25.3550000191,36,2.5,6.3,-0.01,0.0,13
25.4049999714,14,2.5,-10.4,0.01,0.0,9
25.4049999714,36,2.5,6.0,0.01,0.0,13
25.4549999237,14,2.4,-9.6,0.0,0.0,10
25.4549999237,36,2.4,6.2,0.0,0.0,13
25.5039999485,14,2.5,-10.3,0.01,0.0,9
25.5039999485,36,2.5,6.0,0.01,0.0,13
25.5549998283,14,2.4,-9.6,0.0,0.0,10
25.5549998283,36,2.4,6.2,0.0,0.0,13
25.6050000191,10,5.2,-7.4,-0.02,0.0,1
25.6050000191,14,2.5,-10.4,-0.01,0.0,10
25.6050000191,36,2.5,6.1,-0.01,0.0,13
25.6549999714,10,5.0,-7.1,-0.02,0.0,1
25.6549999714,14,2.4,-9.6,-0.01,0.0,10
25.6549999714,36,2.4,6.3,-0.01,0.0,13
25.7049999237,36,2.5,6.1,-0.01,0.0,13
25.7049999237,14,2.5,-10.4,-0.01,0.0,9
25.754999876,36,2.5,6.3,0.0,0.0,13
25.754999876,14,2.5,-9.6,0.0,0.0,10
25.8049998283,36,2.5,6.1,-0.01,0.0,13
25.8049998283,14,2.5,-10.4,-0.01,0.0,10
25.8550000191,10,5.0,-7.8,-0.02,0.0,2
25.8550000191,14,2.4,-9.6,-0.01,0.0,11
25.8550000191,36,2.4,6.3,-0.01,0.0,14
25.9049999714,14,2.5,-10.4,-0.01,0.0,9
25.9049999714,36,2.5,6.1,-0.01,0.0,13
25.9549999237,14,2.5,-9.6,0.0,0.0,10
25.9549999237,36,2.5,6.3,0.0,0.0,13
26.004999876,10,5.1,-9.1,-0.01,0.0,2
26.004999876,14,2.5,-10.4,0.0,0.0,9
26.004999876,36,2.5,6.1,0.0,0.0,13
26.0549998283,10,5.0,-8.5,-0.02,0.0,4
26.0549998283,14,2.4,-9.7,-0.01,0.0,11
26.0549998283,36,2.4,6.3,-0.01,0.0,14
26.1050000191,10,5.1,-8.9,-0.01,0.0,1
26.1050000191,14,2.5,-10.4,0.01,0.0,9
26.1050000191,36,2.5,6.1,0.01,0.0,13
26.1549999714,10,4.9,-9.1,-0.02,0.0,4
26.1549999714,14,2.5,-9.6,0.0,0.0,10
26.1549999714,36,2.5,6.3,0.0,0.0,13
26.2049999237,14,2.5,-10.4,-0.01,0.0,9
26.2049999237,36,2.5,6.0,-0.01,0.0,13
26.254999876,14,2.4,-9.6,0.0,0.0,11
26.254999876,36,2.4,6.3,0.0,0.0,14
26.3049998283,14,2.5,-10.4,-0.01,0.0,9
26.3049998283,36,2.5,6.1,-0.01,0.0,13
26.3550000191,14,2.4,-9.7,0.0,0.0,10
26.3550000191,36,2.4,6.3,0.0,0.0,13
26.4049999714,14,2.5,-10.4,-0.01,0.0,9
26.4049999714,36,2.5,6.0,-0.01,0.0,13
26.4549999237,14,2.4,-9.7,-0.01,0.0,10
26.4549999237,36,2.4,6.3,-0.01,0.0,13
26.504999876,14,2.5,-10.4,-0.01,0.0,10
26.504999876,36,2.5,6.0,-0.01,0.0,14
26.5549998283,10,4.4,-8.8,-0.01,0.0,5
26.5549998283,14,2.4,-9.6,-0.01,0.0,11
26.5549998283,36,2.4,6.2,-0.01,0.0,14
26.6050000191,10,5.0,-8.8,-0.02,-0.25,3
26.6050000191,14,2.5,-10.4,-0.01,0.0,10
26.6050000191,36,2.5,6.0,-0.01,0.0,14
26.6549999714,10,4.5,-8.7,-0.01,0.0,5
26.6549999714,14,2.4,-9.6,0.0,0.0,10
26.6549999714,36,2.4,6.3,0.0,0.0,13
26.7049999237,10,5.0,-8.7,-0.01,-0.25,3
26.7049999237,14,2.5,-10.4,-0.01,0.0,9
26.7049999237,36,2.5,6.1,-0.01,0.0,13
26.754999876,36,2.4,6.3,0.0,0.0,13
26.754999876,14,2.4,-9.6,0.0,0.0,10
26.754999876,10,4.5,-8.9,-0.01,-0.25,5
26.8049998283,36,2.5,6.1,-0.01,0.0,13
26.8049998283,14,2.5,-10.4,-0.01,0.0,10
26.8049998283,10,5.1,-9.9,-0.02,-0.25,4
26.8550000191,10,4.6,-9.5,-0.01,-0.25,5
26.8550000191,14,2.4,-9.6,-0.01,0.0,10
26.8550000191,36,2.4,6.3,-0.01,0.0,13
26.9049999714,10,5.1,-10.1,-0.02,-0.25,3
26.9049999714,14,2.5,-10.4,-0.01,0.0,10
26.9049999714,36,2.5,6.1,-0.01,0.0,13
26.9549999237,10,4.6,-9.6,0.0,-0.25,4
26.9549999237,14,2.4,-9.6,0.0,0.0,10
26.9549999237,36,2.4,6.3,0.0,0.0,13